noiseTransfer(0.01) =   0.81075632
noiseTransfer(0.03) =   2.24454161
noiseTransfer(0.05) =   3.37364003
noiseTransfer(0.07) =   4.23561462
noiseTransfer(0.09) =   4.88105219
noiseTransfer(0.11) =   5.36043664
noiseTransfer(0.13) =   7.14915359
noiseTransfer(0.15) =   7.65756704
noiseTransfer(0.17) =  10.74720422
noiseTransfer(0.19) =  11.49887772
noiseTransfer(0.21) =  12.16330318
noiseTransfer(0.23) =  12.74891921
noiseTransfer(0.25) =  13.26401638
noiseTransfer(0.27) =  21.24115735
noiseTransfer(0.29) =  22.56045874
noiseTransfer(0.31) =  23.83632066
noiseTransfer(0.33) =  25.06780742
noiseTransfer(0.35) =  26.25418516
noiseTransfer(0.37) =  27.39492753
noiseTransfer(0.39) =  28.48971816
noiseTransfer(0.41) =  29.53844977
noiseTransfer(0.43) =  30.54122012
noiseTransfer(0.45) =  31.49832485
noiseTransfer(0.47) =  32.41024755
noiseTransfer(0.49) =  33.27764740
noiseTransfer(0.51) =  52.47697208
noiseTransfer(0.53) =  54.89812589
noiseTransfer(0.55) =  57.35009937
noiseTransfer(0.57) =  59.83329581
noiseTransfer(0.59) =  62.34812071
noiseTransfer(0.61) =  64.89498140
noiseTransfer(0.63) =  67.47428674
noiseTransfer(0.65) =  70.08644670
noiseTransfer(0.67) =  72.73187195
noiseTransfer(0.69) =  75.41097343
noiseTransfer(0.71) =  78.12416181
noiseTransfer(0.73) =  80.87184696
noiseTransfer(0.75) =  83.65443734
noiseTransfer(0.77) =  86.47233936
noiseTransfer(0.79) =  89.32595663
noiseTransfer(0.81) =  92.21568923
noiseTransfer(0.83) =  95.14193284
noiseTransfer(0.85) =  98.10507781
noiseTransfer(0.87) = 101.10550819
noiseTransfer(0.89) = 104.14360062
noiseTransfer(0.91) = 107.21972320
noiseTransfer(0.93) = 110.33423416
noiseTransfer(0.95) = 113.48748052
noiseTransfer(0.97) = 116.67979660
noiseTransfer(0.99) = 119.91150240
noiseTransfer(1.01) = 130.83587913
noiseTransfer(1.03) = 134.62142146
noiseTransfer(1.05) = 138.47174537
noiseTransfer(1.07) = 142.38830983
noiseTransfer(1.09) = 146.37261569
noiseTransfer(1.11) = 150.42620717
noiseTransfer(1.13) = 154.55067326
noiseTransfer(1.15) = 158.74764932
